19
15
1c
22
1d
27
24
25
00
00
00
00
00
00
00
00
1b
21
16
27
20
22
23
22
00
00
00
00
00
00
00
00
18
20
20
1e
18
22
1a
29
00
00
00
00
00
00
00
00
21
10
24
1e
1e
30
24
1d
00
00
00
00
00
00
00
00
19
20
1e
25
1c
1f
28
22
00
00
00
00
00
00
00
00
13
22
27
1e
1b
1b
28
1d
00
00
00
00
00
00
00
00
1c
22
19
26
22
24
1e
22
00
00
00
00
00
00
00
00
1a
20
26
1c
1f
21
18
16
00
00
00
00
00
00
00
00
00
00
00
00
00
00
00
00
15
22
27
25
00
00
00
00
00
00
00
00
00
00
00
00
20
1e
22
29
00
00
00
00
00
00
00
00
00
00
00
00
20
25
1f
22
00
00
00
00
00
00
00
00
00
00
00
00
22
26
24
00
00
00
00
00
00
00
00
00
00
00
00
00
00
00
00
00
00
00
00
00
00
00
00
00
00
00
00
00
00
00
00
00
00
00
00
00
00
00
00
00
00
00
00
00
00
00
00
00
00
00
00
00
00
00
00
00
00
00
00
00
00
00
00
00
00
00
00
00
